1	100	ok	0.51	|	1.00	0.78	0.78	23.40	n1250
2	100	ok	0.51	|	1.00	0.81	0.81	20.02	n1250
3	100	ok	0.49	|	1.00	0.77	0.77	23.63	n1250
4	100	ok	0.53	|	1.00	0.80	0.80	21.57	n1250
5	100	ok	0.52	|	1.00	0.76	0.76	25.14	n1250
6	100	ok	0.50	|	1.00	0.78	0.78	23.63	n1250
7	100	ok	0.49	|	1.00	0.81	0.81	19.58	n1250
8	100	ok	0.51	|	1.00	0.79	0.79	21.97	n1250
9	100	ok	0.48	|	1.00	0.84	0.84	16.29	n1250
10	100	ok	0.51	|	1.00	0.79	0.79	21.84	n1250
11	100	ok	0.48	|	1.00	0.77	0.77	23.54	n1250
12	100	ok	0.48	|	1.00	0.77	0.77	24.43	n1250
13	100	ok	0.50	|	1.00	0.81	0.81	19.93	n1250
14	100	ok	0.50	|	1.00	0.81	0.81	20.77	n1250
15	100	ok	0.51	|	1.00	0.82	0.82	18.60	n1250
16	100	ok	0.49	|	1.00	0.77	0.77	23.98	n1250
17	100	ok	0.47	|	1.00	0.82	0.82	18.79	n1250
18	100	ok	0.48	|	1.00	0.80	0.80	20.86	n1250
19	100	ok	0.51	|	1.00	0.78	0.77	23.95	n1250
20	100	ok	0.51	|	1.00	0.80	0.80	21.34	n1250
21	100	ok	0.50	|	1.00	0.78	0.78	23.04	n1250
22	100	ok	0.53	|	1.00	0.83	0.83	18.09	n1250
23	100	ok	0.51	|	1.00	0.77	0.77	24.38	n1250
24	100	ok	0.52	|	1.00	0.79	0.79	22.21	n1250
25	100	ok	0.49	|	1.00	0.74	0.74	27.59	n1250
26	100	ok	0.51	|	1.00	0.76	0.76	25.09	n1250
27	100	ok	0.50	|	1.00	0.82	0.82	18.82	n1250
28	100	ok	0.52	|	1.00	0.81	0.81	19.76	n1250
29	100	ok	0.46	|	1.00	0.83	0.83	17.99	n1250
30	100	ok	0.48	|	1.00	0.92	0.92	8.85	n1250
31	100	ok	0.50	|	1.00	0.78	0.78	22.95	n1250
32	100	ok	0.51	|	1.00	0.79	0.79	21.82	n1250
33	100	ok	0.50	|	1.00	0.79	0.79	22.54	n1250
34	100	ok	0.51	|	1.00	0.79	0.79	21.50	n1250
35	100	ok	0.50	|	1.00	0.84	0.84	17.14	n1250
36	100	ok	0.52	|	1.00	0.75	0.75	26.38	n1250
37	100	ok	0.50	|	1.00	0.82	0.82	18.98	n1250
38	100	ok	0.51	|	1.00	0.81	0.81	19.48	n1250
39	100	ok	0.53	|	1.00	0.73	0.73	28.67	n1250
40	100	ok	0.49	|	1.00	0.81	0.81	20.49	n1250
41	100	ok	0.50	|	1.00	0.81	0.81	19.79	n1250
42	100	ok	0.48	|	1.00	0.88	0.88	13.00	n1250
43	100	ok	0.50	|	1.00	0.81	0.81	20.06	n1250
44	100	ok	0.52	|	1.00	0.83	0.83	18.11	n1250
45	100	ok	0.52	|	1.00	0.73	0.73	28.11	n1250
46	100	ok	0.49	|	1.00	0.79	0.79	21.73	n1250
47	100	ok	0.49	|	1.00	0.79	0.79	22.32	n1250
48	100	ok	0.51	|	1.00	0.80	0.80	20.96	n1250
49	100	ok	0.48	|	1.00	0.75	0.75	26.04	n1250
50	100	ok	0.50	|	1.00	0.80	0.80	21.40	n1250
51	100	ok	0.50	|	1.00	0.78	0.78	23.05	n1250
52	100	ok	0.50	|	1.00	0.82	0.82	18.86	n1250
53	100	ok	0.48	|	1.00	0.83	0.83	18.05	n1250
54	100	ok	0.49	|	1.00	0.83	0.83	17.47	n1250
55	100	ok	0.48	|	1.00	0.87	0.87	14.24	n1250
56	100	ok	0.51	|	1.00	0.77	0.77	23.97	n1250
57	100	ok	0.50	|	1.00	0.74	0.74	27.15	n1250
58	100	ok	0.47	|	1.00	0.80	0.80	20.84	n1250
59	100	ok	0.51	|	1.00	0.80	0.80	21.21	n1250
60	100	ok	0.51	|	1.00	0.81	0.81	19.65	n1250
61	100	ok	0.52	|	1.00	0.81	0.81	19.25	n1250
62	100	ok	0.51	|	1.00	0.75	0.75	26.72	n1250
63	100	ok	0.49	|	1.00	0.79	0.79	21.76	n1250
64	100	ok	0.53	|	1.00	0.82	0.82	19.08	n1250
65	100	ok	0.50	|	1.00	0.77	0.77	24.12	n1250
66	100	ok	0.50	|	1.00	0.87	0.87	13.24	n1250
67	100	ok	0.52	|	1.00	0.78	0.78	22.57	n1250
68	100	ok	0.50	|	1.00	0.82	0.82	18.75	n1250
69	100	ok	0.51	|	1.00	0.81	0.81	19.77	n1250
70	100	ok	0.51	|	1.00	0.82	0.82	19.28	n1250
71	100	ok	0.49	|	1.00	0.79	0.79	22.15	n1250
72	100	ok	0.47	|	1.00	0.85	0.85	16.06	n1250
73	100	ok	0.50	|	1.00	0.82	0.82	18.93	n1250
74	100	ok	0.51	|	1.00	0.80	0.80	20.84	n1250
75	100	ok	0.50	|	1.00	0.77	0.77	23.84	n1250
76	100	ok	0.49	|	1.00	0.76	0.76	25.19	n1250
77	100	ok	0.49	|	1.00	0.79	0.79	22.36	n1250
78	100	ok	0.48	|	1.00	0.79	0.79	22.05	n1250
79	100	ok	0.52	|	1.00	0.77	0.77	24.85	n1250
80	100	ok	0.50	|	1.00	0.80	0.80	20.66	n1250
81	100	ok	0.51	|	1.00	0.81	0.81	19.85	n1250
82	100	ok	0.50	|	1.00	0.82	0.82	19.33	n1250
83	100	ok	0.49	|	1.00	0.90	0.90	10.69	n1250
84	100	ok	0.47	|	1.00	0.90	0.90	9.90	n1250
85	100	ok	0.51	|	1.00	0.91	0.91	9.42	n1250
86	100	ok	0.50	|	1.00	0.80	0.80	21.28	n1250
87	100	ok	0.49	|	1.00	0.75	0.75	26.12	n1250
88	100	ok	0.52	|	1.00	0.76	0.76	25.28	n1250
89	100	ok	0.49	|	1.00	0.77	0.77	24.67	n1250
90	100	ok	0.51	|	1.00	0.77	0.77	23.70	n1250
91	100	ok	0.51	|	1.00	0.81	0.81	20.48	n1250
92	100	ok	0.49	|	1.00	0.75	0.75	26.36	n1250
93	100	ok	0.47	|	1.00	0.87	0.87	13.61	n1250
94	100	ok	0.50	|	1.00	0.80	0.80	20.55	n1250
95	100	ok	0.50	|	1.00	0.84	0.84	17.03	n1250
96	100	ok	0.50	|	1.00	0.73	0.73	27.97	n1250
97	100	ok	0.49	|	1.00	0.79	0.79	21.72	n1250
98	100	ok	0.50	|	1.00	0.82	0.82	19.40	n1250
99	100	ok	0.49	|	0.96	0.97	0.97	3.42	n1250
100	100	ok	0.52	|	1.00	0.82	0.82	18.22	n1250
1	100	ok	0.50	|	1.00	0.76	0.76	25.06	n250
2	100	ok	0.50	|	1.00	0.77	0.72	25.02	n250
3	100	ok	0.50	|	1.00	0.82	0.82	18.38	n250
4	100	ok	0.52	|	1.00	0.73	0.73	28.83	n250
5	100	ok	0.53	|	1.00	0.75	0.73	26.72	n250
6	100	ok	0.52	|	1.00	0.78	0.77	24.20	n250
7	100	ok	0.52	|	1.00	0.85	0.83	16.94	n250
8	100	ok	0.56	|	1.00	0.75	0.75	26.39	n250
9	100	ok	0.45	|	1.00	0.82	0.81	19.81	n250
10	100	ok	0.48	|	1.00	0.72	0.71	29.92	n250
11	100	ok	0.50	|	1.00	0.73	0.73	28.62	n250
12	100	ok	0.52	|	1.00	0.65	0.65	36.21	n250
13	100	ok	0.51	|	1.00	0.84	0.84	17.48	n250
14	100	ok	0.56	|	1.00	0.76	0.75	25.62	n250
15	100	ok	0.50	|	1.00	0.88	0.88	13.24	n250
16	100	ok	0.48	|	1.00	0.77	0.77	25.02	n250
17	100	ok	0.51	|	1.00	0.79	0.78	22.73	n250
18	100	ok	0.52	|	1.00	0.74	0.74	27.89	n250
19	100	ok	0.47	|	1.00	0.73	0.73	28.32	n250
20	100	ok	0.53	|	1.00	0.68	0.67	33.72	n250
21	100	ok	0.52	|	1.00	0.76	0.75	26.13	n250
22	100	ok	0.47	|	1.00	0.73	0.73	28.12	n250
23	100	ok	0.48	|	1.00	0.66	0.66	35.70	n250
24	100	ok	0.51	|	1.00	0.85	0.85	15.78	n250
25	100	ok	0.50	|	1.00	0.93	0.93	8.87	n250
26	100	ok	0.53	|	0.58	0.99	0.99	0.90	n250
27	100	ok	0.55	|	1.00	0.84	0.81	18.45	n250
28	100	ok	0.54	|	1.00	0.66	0.66	35.24	n250
29	100	ok	0.44	|	1.00	0.85	0.83	16.90	n250
30	100	ok	0.47	|	1.00	0.81	0.79	20.86	n250
31	100	ok	0.51	|	1.00	0.75	0.75	26.40	n250
32	100	ok	0.47	|	1.00	0.70	0.69	31.66	n250
33	100	ok	0.54	|	1.00	0.77	0.77	24.43	n250
34	100	ok	0.53	|	1.00	0.74	0.72	28.18	n250
35	100	ok	0.53	|	1.00	0.74	0.74	27.50	n250
36	100	ok	0.44	|	1.00	0.73	0.73	28.47	n250
37	100	ok	0.49	|	1.00	0.79	0.78	23.22	n250
38	100	ok	0.49	|	1.00	0.77	0.76	24.58	n250
39	100	ok	0.50	|	1.00	0.83	0.82	18.67	n250
40	100	ok	0.50	|	1.00	0.81	0.80	20.78	n250
41	100	ok	0.58	|	1.00	0.74	0.72	28.01	n250
42	100	ok	0.46	|	1.00	0.75	0.75	26.53	n250
43	100	ok	0.48	|	1.00	0.76	0.73	26.83	n250
44	100	ok	0.42	|	1.00	0.80	0.73	22.52	n250
45	100	ok	0.53	|	1.00	0.75	0.74	26.82	n250
46	100	ok	0.48	|	1.00	0.81	0.81	20.29	n250
47	100	ok	0.49	|	1.00	0.76	0.76	24.62	n250
48	100	ok	0.51	|	1.00	0.65	0.65	36.33	n250
49	100	ok	0.52	|	1.00	0.83	0.83	18.64	n250
50	100	ok	0.44	|	1.00	0.75	0.68	27.46	n250
51	100	ok	0.50	|	1.00	0.73	0.73	28.21	n250
52	100	ok	0.42	|	1.00	0.67	0.66	35.13	n250
53	100	ok	0.44	|	1.00	0.70	0.67	32.38	n250
54	100	ok	0.50	|	1.00	0.72	0.70	29.58	n250
55	100	ok	0.59	|	1.00	0.73	0.73	28.21	n250
56	100	ok	0.50	|	1.00	0.81	0.79	21.38	n250
57	100	ok	0.50	|	1.00	0.88	0.88	12.78	n250
58	100	ok	0.49	|	1.00	0.87	0.87	13.99	n250
59	100	ok	0.52	|	1.00	0.76	0.73	25.85	n250
60	100	ok	0.49	|	1.00	0.76	0.76	25.60	n250
61	100	ok	0.47	|	1.00	0.81	0.79	20.08	n250
62	100	ok	0.52	|	1.00	0.80	0.77	21.88	n250
63	100	ok	0.48	|	1.00	0.65	0.64	36.49	n250
64	100	ok	0.44	|	1.00	0.71	0.69	31.02	n250
65	100	ok	0.49	|	1.00	0.74	0.72	27.72	n250
66	100	ok	0.43	|	1.00	0.78	0.74	24.73	n250
67	100	ok	0.51	|	1.00	0.70	0.70	31.25	n250
68	100	ok	0.51	|	1.00	0.72	0.72	29.11	n250
69	100	ok	0.53	|	1.00	0.74	0.73	28.14	n250
70	100	ok	0.47	|	1.00	0.78	0.78	23.68	n250
71	100	ok	0.52	|	1.00	0.74	0.72	28.02	n250
72	100	ok	0.49	|	1.00	0.87	0.87	14.70	n250
73	100	ok	0.53	|	1.00	0.72	0.71	30.16	n250
74	100	ok	0.49	|	1.00	0.75	0.75	26.06	n250
75	100	ok	0.54	|	1.00	0.74	0.72	27.89	n250
76	100	ok	0.51	|	1.00	0.71	0.70	30.57	n250
77	100	ok	0.50	|	1.00	0.85	0.85	16.27	n250
78	100	ok	0.49	|	1.00	0.79	0.78	22.63	n250
79	100	ok	0.53	|	1.00	0.82	0.82	18.91	n250
80	100	ok	0.52	|	1.00	0.87	0.85	15.55	n250
81	100	ok	0.51	|	1.00	0.67	0.66	34.54	n250
82	100	ok	0.50	|	1.00	0.80	0.80	21.26	n250
83	100	ok	0.51	|	1.00	0.75	0.75	26.46	n250
84	100	ok	0.53	|	1.00	0.74	0.74	26.92	n250
85	100	ok	0.45	|	1.00	0.75	0.70	26.63	n250
86	100	ok	0.49	|	1.00	0.77	0.77	24.32	n250
87	100	ok	0.51	|	1.00	0.82	0.82	19.20	n250
88	100	ok	0.56	|	1.00	0.73	0.73	28.34	n250
89	100	ok	0.50	|	1.00	0.73	0.73	28.64	n250
90	100	ok	0.46	|	1.00	0.78	0.78	23.70	n250
91	100	ok	0.52	|	1.00	0.78	0.78	22.77	n250
92	100	ok	0.46	|	1.00	0.80	0.77	22.22	n250
93	100	ok	0.48	|	1.00	0.78	0.78	23.23	n250
94	100	ok	0.55	|	1.00	0.69	0.68	32.60	n250
95	100	ok	0.49	|	1.00	0.76	0.76	24.93	n250
96	100	ok	0.51	|	1.00	0.73	0.71	29.00	n250
97	100	ok	0.49	|	1.00	0.78	0.77	24.08	n250
98	100	ok	0.50	|	1.00	0.69	0.69	32.78	n250
99	100	ok	0.56	|	1.00	0.73	0.70	28.74	n250
100	100	ok	0.49	|	1.00	0.80	0.79	21.57	n250
